1 1.52 1
1.53333 2.04082 2
2.05102 2.45918 3
2.46939 2.86735 4
2.87755 3.29032 5
3.30108 3.73118 6
3.74194 4.15152 7
4.16162 4.56566 8
4.57576 4.9697 9
4.9798 5.39785 10
5.4086 5.83871 11
5.84946 6.2551 12
6.26531 6.67347 13
6.68367 7.08163 14
7.09184 7.4898 15
7.5 7.90816 16
7.91837 8.27928 17
8.28829 8.64865 18
8.65766 9.01 19
9.02 9.41 20
9.42 9.82 21
9.83 10.2316 22
10.2421 10.6526 23
10.6632 11.0988 24
11.1111 11.5926 25
11.6049 12.0976 26
12.1098 12.5854 27
12.5976 13.0759 28
13.0886 13.5949 29
13.6076 14.092 30
14.1034 14.5632 31
14.5747 15.0189 32
15.0283 15.3962 33
15.4057 15.783 34
15.7925 16.2073 35
16.2195 16.7073 36
16.7195 17.2105 37
17.2237 17.7368 38
17.75 18.2877 39
18.3014 18.8356 40
18.8493 19.3889 41
19.4028 19.9583 42
19.9722 20.5873 43
20.6032 21.2885 44
21.3077 22.0476 45
22.0635 22.6825 46
22.6984 23.3962 47
23.4151 24.1333 48
24.15 24.8167 49
24.8333 25.5273 50
25.5455 26.25 51
26.2679 26.9821 52
27 27.7959 53
27.8163 28.8378 54
28.8649 29.8947 55
29.9211 30.9 56
30.925 31.9737 57
32 32.8864 58
32.9091 34.0233 59
34.0465 34.9535 60
34.9767 36.0465 61
36.0698 37 62
37.0233 37.9302 63
37.9535 38.8409 64
38.8636 40.1852 65
40.2222 41.6207 66
41.6552 43.3103 67
43.3448 44.9524 68
45 46.8333 69
46.875 48.5417 70
48.5833 49.8788 71
49.9091 51.6 72
51.65 53.8667 73
53.9333 55.6522 74
55.6957 57.6522 75
57.6957 60.3333 76
60.3889 62.6875 77
62.75 64.9231 78
65 66.8636 79
66.9091 69.6429 80
69.7143 72 81
72.0667 75.625 82
75.75 79.125 83
79.1875 83.1176 84
83.1765 86.4444 85
86.5556 91.5556 86
91.6667 95.8889 87
96 100.5 88
100.6 106.333 89
106.444 112.857 90
113 119.5 91
119.75 124.444 92
124.556 132 93
132.25 141.571 94
141.714 153.5 95
154 164.5 96
164.75 176 97
176.25 187.5 98
187.75 199.5 99
200 1046 100
